	Generation	Identity	Population
1	1	clone_A	0
2	2	clone_A	6.09026787
3	3	clone_A	11.95530277
4	4	clone_A	17.59886536
5	5	clone_A	23.02471633
6	6	clone_A	28.23661633
7	7	clone_A	33.23832602
8	8	clone_A	38.03360608
9	9	clone_A	42.62621717
10	10	clone_A	47.01991995
11	11	clone_A	51.2184751
12	12	clone_A	55.22564328
13	13	clone_A	59.04518515
14	14	clone_A	62.68086138
15	15	clone_A	66.13643264
16	16	clone_A	69.41565959
17	17	clone_A	72.5223029
18	18	clone_A	75.46012324
19	19	clone_A	78.23288127
20	20	clone_A	80.84433765
21	21	clone_A	83.29825306
22	22	clone_A	85.59838816
23	23	clone_A	87.74850361
24	24	clone_A	89.75236009
25	25	clone_A	91.61371826
26	26	clone_A	93.33633878
27	27	clone_A	94.92398232
28	28	clone_A	96.38040954
29	29	clone_A	97.70938112
30	30	clone_A	98.91465772
31	31	clone_A	100
32	32	clone_A	100.9691686
33	33	clone_A	101.8259243
34	34	clone_A	102.5740276
35	35	clone_A	103.2172393
36	36	clone_A	103.75932
37	37	clone_A	104.2040304
38	38	clone_A	104.5551311
39	39	clone_A	104.8163829
40	40	clone_A	104.9915463
41	41	clone_A	105.084382
42	42	clone_A	105.0986508
43	43	clone_A	105.0381133
44	44	clone_A	104.9065301
45	45	clone_A	104.7076619
46	46	clone_A	104.4452694
47	47	clone_A	104.1231132
48	48	clone_A	103.7449541
49	49	clone_A	103.3145526
50	50	clone_A	102.8356694
51	51	clone_A	102.3120653
52	52	clone_A	101.7475009
53	53	clone_A	101.1457367
54	54	clone_A	100.5105336
55	55	clone_A	99.84565217
56	56	clone_A	99.15485306
57	57	clone_A	98.44189696
58	58	clone_A	97.71054453
59	59	clone_A	96.96455643
60	60	clone_A	96.20769334
61	61	clone_A	95.44371592
62	62	clone_A	94.67638483
63	63	clone_A	93.90946074
64	64	clone_A	93.14670432
65	65	clone_A	92.39187623
66	66	clone_A	91.64873714
67	67	clone_A	90.92104772
68	68	clone_A	90.21256863
69	69	clone_A	89.52706053
70	70	clone_A	88.8682841
71	71	clone_A	88.24
72	72	clone_A	87.64524038
73	73	clone_A	87.08412335
74	74	clone_A	86.55603851
75	75	clone_A	86.06037544
76	76	clone_A	85.59652373
77	77	clone_A	85.16387299
78	78	clone_A	84.7618128
79	79	clone_A	84.38973276
80	80	clone_A	84.04702246
81	81	clone_A	83.73307149
82	82	clone_A	83.44726944
83	83	clone_A	83.18900592
84	84	clone_A	82.95767051
85	85	clone_A	82.7526528
86	86	clone_A	82.57334239
87	87	clone_A	82.41912887
88	88	clone_A	82.28940184
89	89	clone_A	82.18355088
90	90	clone_A	82.10096559
91	91	clone_A	82.04103557
92	92	clone_A	82.0031504
93	93	clone_A	81.98669968
94	94	clone_A	81.991073
95	95	clone_A	82.01565996
96	96	clone_A	82.05985015
97	97	clone_A	82.12303315
98	98	clone_A	82.20459857
99	99	clone_A	82.303936
100	100	clone_A	82.42043503
101	101	clone_A	82.55348525
102	102	clone_A	82.70247625
103	103	clone_A	82.86679764
104	104	clone_A	83.045839
105	105	clone_A	83.23898992
106	106	clone_A	83.44564
107	107	clone_A	83.66517883
108	108	clone_A	83.89699601
109	109	clone_A	84.14048112
110	110	clone_A	84.39502376
111	111	clone_A	84.66001353
112	112	clone_A	84.93484001
113	113	clone_A	85.2188928
114	114	clone_A	85.51156149
115	115	clone_A	85.81223568
116	116	clone_A	86.12030496
117	117	clone_A	86.43515891
118	118	clone_A	86.75618714
119	119	clone_A	87.08277924
120	120	clone_A	87.4143248
121	121	clone_A	87.75021341
122	122	clone_A	88.08983467
123	123	clone_A	88.43257816
124	124	clone_A	88.77783349
125	125	clone_A	89.12499025
126	126	clone_A	89.47343802
127	127	clone_A	89.8225664
128	128	clone_A	90.17176499
129	129	clone_A	90.52042337
130	130	clone_A	90.86793114
131	131	clone_A	91.2136779
132	132	clone_A	91.55705323
133	133	clone_A	91.89744674
134	134	clone_A	92.234248
135	135	clone_A	92.56684662
136	136	clone_A	92.89463219
137	137	clone_A	93.2169943
138	138	clone_A	93.53332254
139	139	clone_A	93.84300651
140	140	clone_A	94.1454358
141	141	clone_A	94.44
142	142	clone_A	94.72620792
143	143	clone_A	95.00404522
144	144	clone_A	95.27361676
145	145	clone_A	95.53502741
146	146	clone_A	95.78838204
147	147	clone_A	96.03378552
148	148	clone_A	96.27134272
149	149	clone_A	96.5011585
150	150	clone_A	96.72333774
151	151	clone_A	96.93798531
152	152	clone_A	97.14520606
153	153	clone_A	97.34510488
154	154	clone_A	97.53778662
155	155	clone_A	97.72335616
156	156	clone_A	97.90191837
157	157	clone_A	98.07357811
158	158	clone_A	98.23844025
159	159	clone_A	98.39660967
160	160	clone_A	98.54819123
161	161	clone_A	98.6932898
162	162	clone_A	98.83201024
163	163	clone_A	98.96445743
164	164	clone_A	99.09073624
165	165	clone_A	99.21095152
166	166	clone_A	99.32520816
167	167	clone_A	99.43361102
168	168	clone_A	99.53626497
169	169	clone_A	99.63327488
170	170	clone_A	99.72474561
171	171	clone_A	99.81078204
172	172	clone_A	99.89148903
173	173	clone_A	99.96697145
174	174	clone_A	100.0373342
175	175	clone_A	100.1026821
176	176	clone_A	100.16312
177	177	clone_A	100.2187528
178	178	clone_A	100.2696855
179	179	clone_A	100.3160227
180	180	clone_A	100.3578695
181	181	clone_A	100.3953306
182	182	clone_A	100.428511
183	183	clone_A	100.4575155
184	184	clone_A	100.482449
185	185	clone_A	100.5034164
186	186	clone_A	100.5205225
187	187	clone_A	100.5338721
188	188	clone_A	100.5435703
189	189	clone_A	100.5497217
190	190	clone_A	100.5524314
191	191	clone_A	100.5518041
192	192	clone_A	100.5479447
193	193	clone_A	100.5409582
194	194	clone_A	100.5309493
195	195	clone_A	100.518023
196	196	clone_A	100.5022841
197	197	clone_A	100.4838374
198	198	clone_A	100.4627879
199	199	clone_A	100.4392405
200	200	clone_A	100.4132999
201	201	clone_A	100.385071
202	202	clone_A	100.3546588
203	203	clone_A	100.3221681
204	204	clone_A	100.2877037
205	205	clone_A	100.2513705
206	206	clone_A	100.2132735
207	207	clone_A	100.1735174
208	208	clone_A	100.1322071
209	209	clone_A	100.0894476
210	210	clone_A	100.0453436
211	211	clone_A	100
212	212	clone_A	100
213	213	clone_A	100
214	214	clone_A	100
215	215	clone_A	100
216	216	clone_A	100
217	217	clone_A	100
218	218	clone_A	100
219	219	clone_A	100
220	220	clone_A	100
221	221	clone_A	100
222	222	clone_A	100
223	223	clone_A	100
224	224	clone_A	100
225	225	clone_A	100
226	226	clone_A	100
227	227	clone_A	100
228	228	clone_A	100
229	229	clone_A	100
230	230	clone_A	100
231	231	clone_A	100
232	232	clone_A	100
233	233	clone_A	100
234	234	clone_A	100
235	235	clone_A	100
236	236	clone_A	100
237	237	clone_A	100
238	238	clone_A	100
239	239	clone_A	100
240	240	clone_A	100
241	241	clone_A	100
242	242	clone_A	100
243	243	clone_A	100
244	244	clone_A	100
245	245	clone_A	100
246	246	clone_A	100
247	247	clone_A	100
248	248	clone_A	100
249	249	clone_A	100
250	250	clone_A	100
251	251	clone_A	100
252	252	clone_A	100
253	253	clone_A	100
254	254	clone_A	100
255	255	clone_A	100
256	256	clone_A	100
257	257	clone_A	100
258	258	clone_A	100
259	259	clone_A	100
260	260	clone_A	100
261	261	clone_A	100
262	262	clone_A	100
263	263	clone_A	100
264	264	clone_A	100
265	265	clone_A	100
266	266	clone_A	100
267	267	clone_A	100
268	268	clone_A	100
269	269	clone_A	100
270	270	clone_A	100
271	271	clone_A	100
272	272	clone_A	100
273	273	clone_A	100
274	274	clone_A	100
275	275	clone_A	100
276	276	clone_A	100
277	277	clone_A	100
278	278	clone_A	100
279	279	clone_A	100
280	280	clone_A	100
281	281	clone_A	100
282	282	clone_A	100
283	283	clone_A	100
284	284	clone_A	100
285	285	clone_A	100
286	286	clone_A	100
287	287	clone_A	100
288	288	clone_A	100
289	289	clone_A	100
290	290	clone_A	100
291	291	clone_A	100
292	292	clone_A	100
293	293	clone_A	100
294	294	clone_A	100
295	295	clone_A	100
296	296	clone_A	100
297	297	clone_A	100
298	298	clone_A	100
299	299	clone_A	100
300	300	clone_A	100
301	1	clone_B	0
302	2	clone_B	3.48298873
303	3	clone_B	6.8168784
304	4	clone_B	10.00422281
305	5	clone_B	13.04757577
306	6	clone_B	15.94949107
307	7	clone_B	18.71252251
308	8	clone_B	21.3392239
309	9	clone_B	23.83214903
310	10	clone_B	26.1938517
311	11	clone_B	28.42688571
312	12	clone_B	30.53380487
313	13	clone_B	32.51716297
314	14	clone_B	34.37951381
315	15	clone_B	36.1234112
316	16	clone_B	37.75140893
317	17	clone_B	39.2660608
318	18	clone_B	40.66992061
319	19	clone_B	41.96554217
320	20	clone_B	43.15547927
321	21	clone_B	44.24228571
322	22	clone_B	45.2285153
323	23	clone_B	46.11672183
324	24	clone_B	46.9094591
325	25	clone_B	47.60928091
326	26	clone_B	48.21874107
327	27	clone_B	48.74039337
328	28	clone_B	49.17679161
329	29	clone_B	49.5304896
330	30	clone_B	49.80404113
331	31	clone_B	50
332	32	clone_B	50.12092001
333	33	clone_B	50.16935497
334	34	clone_B	50.14785867
335	35	clone_B	50.05898491
336	36	clone_B	49.9052875
337	37	clone_B	49.68932023
338	38	clone_B	49.4136369
339	39	clone_B	49.08079131
340	40	clone_B	48.69333727
341	41	clone_B	48.25382857
342	42	clone_B	47.76481901
343	43	clone_B	47.2288624
344	44	clone_B	46.64851253
345	45	clone_B	46.0263232
346	46	clone_B	45.36484821
347	47	clone_B	44.66664137
348	48	clone_B	43.93425647
349	49	clone_B	43.17024731
350	50	clone_B	42.3771677
351	51	clone_B	41.55757143
352	52	clone_B	40.7140123
353	53	clone_B	39.84904411
354	54	clone_B	38.96522067
355	55	clone_B	38.06509577
356	56	clone_B	37.15122321
357	57	clone_B	36.2261568
358	58	clone_B	35.29245033
359	59	clone_B	34.3526576
360	60	clone_B	33.40933241
361	61	clone_B	32.46502857
362	62	clone_B	31.52229987
363	63	clone_B	30.58370011
364	64	clone_B	29.6517831
365	65	clone_B	28.72910263
366	66	clone_B	27.8182125
367	67	clone_B	26.92166651
368	68	clone_B	26.04201847
369	69	clone_B	25.18182217
370	70	clone_B	24.34363141
371	71	clone_B	23.53
372	72	clone_B	22.74298959
373	73	clone_B	21.98269327
374	74	clone_B	21.248712
375	75	clone_B	20.54064674
376	76	clone_B	19.85809843
377	77	clone_B	19.20066803
378	78	clone_B	18.5679565
379	79	clone_B	17.95956478
380	80	clone_B	17.37509383
381	81	clone_B	16.81414461
382	82	clone_B	16.27631806
383	83	clone_B	15.76121514
384	84	clone_B	15.2684368
385	85	clone_B	14.797584
386	86	clone_B	14.34825769
387	87	clone_B	13.92005882
388	88	clone_B	13.51258835
389	89	clone_B	13.12544723
390	90	clone_B	12.75823641
391	91	clone_B	12.41055685
392	92	clone_B	12.0820095
393	93	clone_B	11.77219531
394	94	clone_B	11.48071524
395	95	clone_B	11.20717024
396	96	clone_B	10.95116126
397	97	clone_B	10.71228926
398	98	clone_B	10.49015519
399	99	clone_B	10.28436
400	100	clone_B	10.09450465
401	101	clone_B	9.92019009
402	102	clone_B	9.76101727
403	103	clone_B	9.61658715
404	104	clone_B	9.48650068
405	105	clone_B	9.37035881
406	106	clone_B	9.2677625
407	107	clone_B	9.1783127
408	108	clone_B	9.10161036
409	109	clone_B	9.03725644
410	110	clone_B	8.98485189
411	111	clone_B	8.94399767
412	112	clone_B	8.91429472
413	113	clone_B	8.895344
414	114	clone_B	8.88674647
415	115	clone_B	8.88810307
416	116	clone_B	8.89901476
417	117	clone_B	8.9190825
418	118	clone_B	8.94790723
419	119	clone_B	8.98508991
420	120	clone_B	9.0302315
421	121	clone_B	9.08293294
422	122	clone_B	9.1427952
423	123	clone_B	9.20941922
424	124	clone_B	9.28240595
425	125	clone_B	9.36135636
426	126	clone_B	9.44587139
427	127	clone_B	9.535552
428	128	clone_B	9.62999914
429	129	clone_B	9.72881376
430	130	clone_B	9.83159682
431	131	clone_B	9.93794927
432	132	clone_B	10.04747207
433	133	clone_B	10.15976616
434	134	clone_B	10.2744325
435	135	clone_B	10.39107205
436	136	clone_B	10.50928575
437	137	clone_B	10.62867457
438	138	clone_B	10.74883944
439	139	clone_B	10.86938134
440	140	clone_B	10.98990121
441	141	clone_B	11.11
442	142	clone_B	11.2293428
443	143	clone_B	11.34785126
444	144	clone_B	11.46551112
445	145	clone_B	11.58230817
446	146	clone_B	11.69822817
447	147	clone_B	11.81325689
448	148	clone_B	11.9273801
449	149	clone_B	12.04058357
450	150	clone_B	12.15285306
451	151	clone_B	12.26417434
452	152	clone_B	12.37453319
453	153	clone_B	12.48391537
454	154	clone_B	12.59230665
455	155	clone_B	12.6996928
456	156	clone_B	12.80605958
457	157	clone_B	12.91139277
458	158	clone_B	13.01567814
459	159	clone_B	13.11890144
460	160	clone_B	13.22104846
461	161	clone_B	13.32210496
462	162	clone_B	13.4220567
463	163	clone_B	13.52088946
464	164	clone_B	13.618589
465	165	clone_B	13.7151411
466	166	clone_B	13.81053152
467	167	clone_B	13.90474603
468	168	clone_B	13.9977704
469	169	clone_B	14.0895904
470	170	clone_B	14.18019179
471	171	clone_B	14.26956035
472	172	clone_B	14.35768184
473	173	clone_B	14.44454203
474	174	clone_B	14.53012669
475	175	clone_B	14.61442159
476	176	clone_B	14.6974125
477	177	clone_B	14.77908518
478	178	clone_B	14.85942541
479	179	clone_B	14.93841895
480	180	clone_B	15.01605157
481	181	clone_B	15.09230904
482	182	clone_B	15.16717713
483	183	clone_B	15.2406416
484	184	clone_B	15.31268823
485	185	clone_B	15.38330278
486	186	clone_B	15.45247103
487	187	clone_B	15.52017873
488	188	clone_B	15.58641167
489	189	clone_B	15.6511556
490	190	clone_B	15.7143963
491	191	clone_B	15.77611953
492	192	clone_B	15.83631107
493	193	clone_B	15.89495668
494	194	clone_B	15.95204213
495	195	clone_B	16.00755318
496	196	clone_B	16.06147562
497	197	clone_B	16.1137952
498	198	clone_B	16.16449769
499	199	clone_B	16.21356887
500	200	clone_B	16.2609945
501	201	clone_B	16.30676035
502	202	clone_B	16.35085219
503	203	clone_B	16.39325578
504	204	clone_B	16.4339569
505	205	clone_B	16.47294131
506	206	clone_B	16.51019479
507	207	clone_B	16.5457031
508	208	clone_B	16.579452
509	209	clone_B	16.61142727
510	210	clone_B	16.64161468
511	211	clone_B	16.67
512	212	clone_B	16.69656899
513	213	clone_B	16.72130742
514	214	clone_B	16.74420106
515	215	clone_B	16.76523568
516	216	clone_B	16.78439705
517	217	clone_B	16.80167093
518	218	clone_B	16.8170431
519	219	clone_B	16.83049932
520	220	clone_B	16.84202536
521	221	clone_B	16.851607
522	222	clone_B	16.85922999
523	223	clone_B	16.86488011
524	224	clone_B	16.86854312
525	225	clone_B	16.8702048
526	226	clone_B	16.86985091
527	227	clone_B	16.86746722
528	228	clone_B	16.86303951
529	229	clone_B	16.85655353
530	230	clone_B	16.84799505
531	231	clone_B	16.83734985
532	232	clone_B	16.8246037
533	233	clone_B	16.80974236
534	234	clone_B	16.7927516
535	235	clone_B	16.77361718
536	236	clone_B	16.75232489
537	237	clone_B	16.72886048
538	238	clone_B	16.70320973
539	239	clone_B	16.6753584
540	240	clone_B	16.64529226
541	241	clone_B	16.61299708
542	242	clone_B	16.57845864
543	243	clone_B	16.54166268
544	244	clone_B	16.502595
545	245	clone_B	16.46124135
546	246	clone_B	16.4175875
547	247	clone_B	16.37161922
548	248	clone_B	16.32332229
549	249	clone_B	16.27268246
550	250	clone_B	16.21968551
551	251	clone_B	16.1643172
552	252	clone_B	16.10656331
553	253	clone_B	16.0464096
554	254	clone_B	15.98384184
555	255	clone_B	15.9188458
556	256	clone_B	15.85140725
557	257	clone_B	15.78151196
558	258	clone_B	15.70914569
559	259	clone_B	15.63429421
560	260	clone_B	15.5569433
561	261	clone_B	15.47707872
562	262	clone_B	15.39468623
563	263	clone_B	15.30975162
564	264	clone_B	15.22226064
565	265	clone_B	15.13219906
566	266	clone_B	15.03955266
567	267	clone_B	14.9443072
568	268	clone_B	14.84644845
569	269	clone_B	14.74596218
570	270	clone_B	14.64283415
571	271	clone_B	14.53705015
572	272	clone_B	14.42859592
573	273	clone_B	14.31745725
574	274	clone_B	14.2036199
575	275	clone_B	14.08706964
576	276	clone_B	13.96779224
577	277	clone_B	13.84577346
578	278	clone_B	13.72099908
579	279	clone_B	13.59345487
580	280	clone_B	13.46312658
581	281	clone_B	13.33
582	282	clone_B	13.33
583	283	clone_B	13.33
584	284	clone_B	13.33
585	285	clone_B	13.33
586	286	clone_B	13.33
587	287	clone_B	13.33
588	288	clone_B	13.33
589	289	clone_B	13.33
590	290	clone_B	13.33
591	291	clone_B	13.33
592	292	clone_B	13.33
593	293	clone_B	13.33
594	294	clone_B	13.33
595	295	clone_B	13.33
596	296	clone_B	13.33
597	297	clone_B	13.33
598	298	clone_B	13.33
599	299	clone_B	13.33
600	300	clone_B	13.33
601	1	clone_C	0
602	2	clone_C	0.13370063
603	3	clone_C	0.27744498
604	4	clone_C	0.43122073
605	5	clone_C	0.59501554
606	6	clone_C	0.76881709
607	7	clone_C	0.95261307
608	8	clone_C	1.14639114
609	9	clone_C	1.35013898
610	10	clone_C	1.56384428
611	11	clone_C	1.78749469
612	12	clone_C	2.02107791
613	13	clone_C	2.2645816
614	14	clone_C	2.51799345
615	15	clone_C	2.78130112
616	16	clone_C	3.0544923
617	17	clone_C	3.33755465
618	18	clone_C	3.63047586
619	19	clone_C	3.9332436
620	20	clone_C	4.24584555
621	21	clone_C	4.56826939
622	22	clone_C	4.90050278
623	23	clone_C	5.24253341
624	24	clone_C	5.59434895
625	25	clone_C	5.95593707
626	26	clone_C	6.32728546
627	27	clone_C	6.70838179
628	28	clone_C	7.09921373
629	29	clone_C	7.49976896
630	30	clone_C	7.91003516
631	31	clone_C	8.33
632	32	clone_C	8.75965116
633	33	clone_C	9.19897631
634	34	clone_C	9.64796314
635	35	clone_C	10.10659931
636	36	clone_C	10.5748725
637	37	clone_C	11.05277039
638	38	clone_C	11.54028065
639	39	clone_C	12.03739097
640	40	clone_C	12.54408901
641	41	clone_C	13.06036245
642	42	clone_C	13.58619897
643	43	clone_C	14.12158624
644	44	clone_C	14.66651194
645	45	clone_C	15.22096375
646	46	clone_C	15.78492934
647	47	clone_C	16.35839638
648	48	clone_C	16.94135256
649	49	clone_C	17.53378555
650	50	clone_C	18.13568302
651	51	clone_C	18.74703265
652	52	clone_C	19.36782212
653	53	clone_C	19.99803911
654	54	clone_C	20.63767128
655	55	clone_C	21.28670631
656	56	clone_C	21.94513189
657	57	clone_C	22.61293568
658	58	clone_C	23.29010536
659	59	clone_C	23.97662862
660	60	clone_C	24.67249311
661	61	clone_C	25.37768653
662	62	clone_C	26.09219654
663	63	clone_C	26.81601083
664	64	clone_C	27.54911706
665	65	clone_C	28.29150292
666	66	clone_C	29.04315607
667	67	clone_C	29.8040642
668	68	clone_C	30.57421498
669	69	clone_C	31.35359609
670	70	clone_C	32.14219521
671	71	clone_C	32.94
672	72	clone_C	33.7469339
673	73	clone_C	34.56266333
674	74	clone_C	35.38679049
675	75	clone_C	36.21891754
676	76	clone_C	37.05864667
677	77	clone_C	37.90558006
678	78	clone_C	38.7593199
679	79	clone_C	39.61946836
680	80	clone_C	40.48562763
681	81	clone_C	41.35739988
682	82	clone_C	42.23438731
683	83	clone_C	43.11619208
684	84	clone_C	44.00241638
685	85	clone_C	44.8926624
686	86	clone_C	45.78653231
687	87	clone_C	46.6836283
688	88	clone_C	47.58355254
689	89	clone_C	48.48590722
690	90	clone_C	49.39029452
691	91	clone_C	50.29631662
692	92	clone_C	51.2035757
693	93	clone_C	52.11167395
694	94	clone_C	53.02021353
695	95	clone_C	53.92879665
696	96	clone_C	54.83702547
697	97	clone_C	55.74450219
698	98	clone_C	56.65082897
699	99	clone_C	57.555608
700	100	clone_C	58.45844147
701	101	clone_C	59.35893155
702	102	clone_C	60.25668042
703	103	clone_C	61.15129027
704	104	clone_C	62.04236328
705	105	clone_C	62.92950163
706	106	clone_C	63.8123075
707	107	clone_C	64.69038307
708	108	clone_C	65.56333053
709	109	clone_C	66.43075205
710	110	clone_C	67.29224981
711	111	clone_C	68.14742601
712	112	clone_C	68.99588281
713	113	clone_C	69.8372224
714	114	clone_C	70.67104696
715	115	clone_C	71.49695868
716	116	clone_C	72.31455973
717	117	clone_C	73.1234523
718	118	clone_C	73.92323856
719	119	clone_C	74.7135207
720	120	clone_C	75.4939009
721	121	clone_C	76.26398134
722	122	clone_C	77.0233642
723	123	clone_C	77.77165167
724	124	clone_C	78.50844592
725	125	clone_C	79.23334914
726	126	clone_C	79.94596351
727	127	clone_C	80.6458912
728	128	clone_C	81.3327344
729	129	clone_C	82.0060953
730	130	clone_C	82.66557607
731	131	clone_C	83.31077889
732	132	clone_C	83.94130595
733	133	clone_C	84.55675943
734	134	clone_C	85.1567415
735	135	clone_C	85.74085435
736	136	clone_C	86.30870017
737	137	clone_C	86.85988112
738	138	clone_C	87.3939994
739	139	clone_C	87.91065719
740	140	clone_C	88.40945666
741	141	clone_C	88.89
742	142	clone_C	89.35199794
743	143	clone_C	89.79559545
744	144	clone_C	90.22104602
745	145	clone_C	90.62860318
746	146	clone_C	91.01852043
747	147	clone_C	91.39105129
748	148	clone_C	91.74644926
749	149	clone_C	92.08496786
750	150	clone_C	92.4068606
751	151	clone_C	92.71238099
752	152	clone_C	93.00178254
753	153	clone_C	93.27531877
754	154	clone_C	93.53324318
755	155	clone_C	93.77580928
756	156	clone_C	94.00327059
757	157	clone_C	94.21588062
758	158	clone_C	94.41389288
759	159	clone_C	94.59756087
760	160	clone_C	94.76713812
761	161	clone_C	94.92287813
762	162	clone_C	95.06503442
763	163	clone_C	95.19386049
764	164	clone_C	95.30960986
765	165	clone_C	95.41253603
766	166	clone_C	95.50289253
767	167	clone_C	95.58093285
768	168	clone_C	95.64691052
769	169	clone_C	95.70107904
770	170	clone_C	95.74369192
771	171	clone_C	95.77500268
772	172	clone_C	95.79526483
773	173	clone_C	95.80473187
774	174	clone_C	95.80365732
775	175	clone_C	95.7922947
776	176	clone_C	95.7708975
777	177	clone_C	95.73971925
778	178	clone_C	95.69901345
779	179	clone_C	95.64903361
780	180	clone_C	95.59003326
781	181	clone_C	95.52226589
782	182	clone_C	95.44598502
783	183	clone_C	95.36144416
784	184	clone_C	95.26889682
785	185	clone_C	95.16859652
786	186	clone_C	95.06079676
787	187	clone_C	94.94575105
788	188	clone_C	94.82371291
789	189	clone_C	94.69493585
790	190	clone_C	94.55967338
791	191	clone_C	94.41817901
792	192	clone_C	94.27070625
793	193	clone_C	94.11750861
794	194	clone_C	93.95883961
795	195	clone_C	93.79495275
796	196	clone_C	93.62610155
797	197	clone_C	93.45253952
798	198	clone_C	93.27452017
799	199	clone_C	93.092297
800	200	clone_C	92.90612354
801	201	clone_C	92.71625329
802	202	clone_C	92.52293977
803	203	clone_C	92.32643648
804	204	clone_C	92.12699694
805	205	clone_C	91.92487466
806	206	clone_C	91.72032314
807	207	clone_C	91.51359591
808	208	clone_C	91.30494646
809	209	clone_C	91.09462833
810	210	clone_C	90.882895
811	211	clone_C	90.67
812	212	clone_C	90.45619684
813	213	clone_C	90.24173902
814	214	clone_C	90.02688007
815	215	clone_C	89.81187348
816	216	clone_C	89.59697278
817	217	clone_C	89.38243147
818	218	clone_C	89.16850306
819	219	clone_C	88.95544107
820	220	clone_C	88.74349901
821	221	clone_C	88.53293038
822	222	clone_C	88.3239887
823	223	clone_C	88.11692749
824	224	clone_C	87.91200024
825	225	clone_C	87.70946048
826	226	clone_C	87.50956171
827	227	clone_C	87.31255745
828	228	clone_C	87.11870121
829	229	clone_C	86.92824649
830	230	clone_C	86.74144681
831	231	clone_C	86.55855569
832	232	clone_C	86.37982662
833	233	clone_C	86.20551313
834	234	clone_C	86.03586872
835	235	clone_C	85.87114691
836	236	clone_C	85.7116012
837	237	clone_C	85.55748512
838	238	clone_C	85.40905216
839	239	clone_C	85.26655584
840	240	clone_C	85.13024967
841	241	clone_C	85.00038717
842	242	clone_C	84.87722184
843	243	clone_C	84.7610072
844	244	clone_C	84.65199676
845	245	clone_C	84.55044402
846	246	clone_C	84.4566025
847	247	clone_C	84.37072571
848	248	clone_C	84.29306717
849	249	clone_C	84.22388037
850	250	clone_C	84.16341885
851	251	clone_C	84.11193609
852	252	clone_C	84.06968563
853	253	clone_C	84.03692096
854	254	clone_C	84.0138956
855	255	clone_C	84.00086306
856	256	clone_C	83.99807686
857	257	clone_C	84.0057905
858	258	clone_C	84.02425749
859	259	clone_C	84.05373135
860	260	clone_C	84.09446558
861	261	clone_C	84.1467137
862	262	clone_C	84.21072922
863	263	clone_C	84.28676566
864	264	clone_C	84.37507651
865	265	clone_C	84.4759153
866	266	clone_C	84.58953553
867	267	clone_C	84.71619072
868	268	clone_C	84.85613437
869	269	clone_C	85.00962001
870	270	clone_C	85.17690113
871	271	clone_C	85.35823125
872	272	clone_C	85.55386389
873	273	clone_C	85.76405255
874	274	clone_C	85.98905074
875	275	clone_C	86.22911198
876	276	clone_C	86.48448977
877	277	clone_C	86.75543764
878	278	clone_C	87.04220908
879	279	clone_C	87.34505761
880	280	clone_C	87.66423675
881	281	clone_C	88
882	282	clone_C	88
883	283	clone_C	88
884	284	clone_C	88
885	285	clone_C	88
886	286	clone_C	88
887	287	clone_C	88
888	288	clone_C	88
889	289	clone_C	88
890	290	clone_C	88
891	291	clone_C	88
892	292	clone_C	88
893	293	clone_C	88
894	294	clone_C	88
895	295	clone_C	88
896	296	clone_C	88
897	297	clone_C	88
898	298	clone_C	88
899	299	clone_C	88
900	300	clone_C	88
901	1	clone_D	0.00E+00
902	2	clone_D	3.28E-02
903	3	clone_D	6.05E-02
904	4	clone_D	8.34E-02
905	5	clone_D	1.02E-01
906	6	clone_D	1.16E-01
907	7	clone_D	1.26E-01
908	8	clone_D	1.33E-01
909	9	clone_D	1.36E-01
910	10	clone_D	1.37E-01
911	11	clone_D	1.35E-01
912	12	clone_D	1.30E-01
913	13	clone_D	1.23E-01
914	14	clone_D	1.15E-01
915	15	clone_D	1.05E-01
916	16	clone_D	9.41E-02
917	17	clone_D	8.23E-02
918	18	clone_D	6.99E-02
919	19	clone_D	5.73E-02
920	20	clone_D	4.48E-02
921	21	clone_D	3.27E-02
922	22	clone_D	2.13E-02
923	23	clone_D	1.09E-02
924	24	clone_D	1.76E-03
925	25	clone_D	1.76E-03
926	26	clone_D	1.76E-03
927	27	clone_D	1.76E-03
928	28	clone_D	1.76E-03
929	29	clone_D	1.76E-03
930	30	clone_D	1.76E-03
931	31	clone_D	0.00E+00
932	32	clone_D	1.23E-02
933	33	clone_D	2.86E-02
934	34	clone_D	4.93E-02
935	35	clone_D	7.47E-02
936	36	clone_D	1.05E-01
937	37	clone_D	1.41E-01
938	38	clone_D	1.82E-01
939	39	clone_D	2.29E-01
940	40	clone_D	2.82E-01
941	41	clone_D	3.42E-01
942	42	clone_D	4.08E-01
943	43	clone_D	4.82E-01
944	44	clone_D	5.63E-01
945	45	clone_D	6.52E-01
946	46	clone_D	7.49E-01
947	47	clone_D	8.54E-01
948	48	clone_D	9.68E-01
949	49	clone_D	1.09E+00
950	50	clone_D	1.22E+00
951	51	clone_D	1.36E+00
952	52	clone_D	1.52E+00
953	53	clone_D	1.68E+00
954	54	clone_D	1.85E+00
955	55	clone_D	2.03E+00
956	56	clone_D	2.23E+00
957	57	clone_D	2.43E+00
958	58	clone_D	2.65E+00
959	59	clone_D	2.88E+00
960	60	clone_D	3.12E+00
961	61	clone_D	3.37E+00
962	62	clone_D	3.64E+00
963	63	clone_D	3.92E+00
964	64	clone_D	4.21E+00
965	65	clone_D	4.52E+00
966	66	clone_D	4.84E+00
967	67	clone_D	5.18E+00
968	68	clone_D	5.53E+00
969	69	clone_D	5.89E+00
970	70	clone_D	6.27E+00
971	71	clone_D	6.67E+00
972	72	clone_D	7.08E+00
973	73	clone_D	7.51E+00
974	74	clone_D	7.95E+00
975	75	clone_D	8.41E+00
976	76	clone_D	8.88E+00
977	77	clone_D	9.36E+00
978	78	clone_D	9.86E+00
979	79	clone_D	1.04E+01
980	80	clone_D	1.09E+01
981	81	clone_D	1.14E+01
982	82	clone_D	1.19E+01
983	83	clone_D	1.25E+01
984	84	clone_D	1.31E+01
985	85	clone_D	1.36E+01
986	86	clone_D	1.42E+01
987	87	clone_D	1.48E+01
988	88	clone_D	1.53E+01
989	89	clone_D	1.59E+01
990	90	clone_D	1.65E+01
991	91	clone_D	1.71E+01
992	92	clone_D	1.77E+01
993	93	clone_D	1.83E+01
994	94	clone_D	1.89E+01
995	95	clone_D	1.96E+01
996	96	clone_D	2.02E+01
997	97	clone_D	2.08E+01
998	98	clone_D	2.14E+01
999	99	clone_D	2.20E+01
1000	100	clone_D	2.26E+01
1001	101	clone_D	2.32E+01
1002	102	clone_D	2.38E+01
1003	103	clone_D	2.44E+01
1004	104	clone_D	2.50E+01
1005	105	clone_D	2.56E+01
1006	106	clone_D	2.62E+01
1007	107	clone_D	2.68E+01
1008	108	clone_D	2.74E+01
1009	109	clone_D	2.79E+01
1010	110	clone_D	2.85E+01
1011	111	clone_D	2.90E+01
1012	112	clone_D	2.96E+01
1013	113	clone_D	3.01E+01
1014	114	clone_D	3.06E+01
1015	115	clone_D	3.12E+01
1016	116	clone_D	3.17E+01
1017	117	clone_D	3.22E+01
1018	118	clone_D	3.26E+01
1019	119	clone_D	3.31E+01
1020	120	clone_D	3.36E+01
1021	121	clone_D	3.40E+01
1022	122	clone_D	3.44E+01
1023	123	clone_D	3.48E+01
1024	124	clone_D	3.52E+01
1025	125	clone_D	3.56E+01
1026	126	clone_D	3.60E+01
1027	127	clone_D	3.63E+01
1028	128	clone_D	3.66E+01
1029	129	clone_D	3.69E+01
1030	130	clone_D	3.72E+01
1031	131	clone_D	3.75E+01
1032	132	clone_D	3.77E+01
1033	133	clone_D	3.79E+01
1034	134	clone_D	3.81E+01
1035	135	clone_D	3.83E+01
1036	136	clone_D	3.84E+01
1037	137	clone_D	3.86E+01
1038	138	clone_D	3.87E+01
1039	139	clone_D	3.87E+01
1040	140	clone_D	3.88E+01
1041	141	clone_D	3.88E+01
1042	142	clone_D	3.88E+01
1043	143	clone_D	3.88E+01
1044	144	clone_D	3.87E+01
1045	145	clone_D	3.86E+01
1046	146	clone_D	3.85E+01
1047	147	clone_D	3.84E+01
1048	148	clone_D	3.82E+01
1049	149	clone_D	3.81E+01
1050	150	clone_D	3.79E+01
1051	151	clone_D	3.76E+01
1052	152	clone_D	3.74E+01
1053	153	clone_D	3.71E+01
1054	154	clone_D	3.68E+01
1055	155	clone_D	3.65E+01
1056	156	clone_D	3.62E+01
1057	157	clone_D	3.58E+01
1058	158	clone_D	3.55E+01
1059	159	clone_D	3.51E+01
1060	160	clone_D	3.47E+01
1061	161	clone_D	3.42E+01
1062	162	clone_D	3.38E+01
1063	163	clone_D	3.33E+01
1064	164	clone_D	3.28E+01
1065	165	clone_D	3.24E+01
1066	166	clone_D	3.18E+01
1067	167	clone_D	3.13E+01
1068	168	clone_D	3.08E+01
1069	169	clone_D	3.02E+01
1070	170	clone_D	2.97E+01
1071	171	clone_D	2.91E+01
1072	172	clone_D	2.85E+01
1073	173	clone_D	2.79E+01
1074	174	clone_D	2.73E+01
1075	175	clone_D	2.67E+01
1076	176	clone_D	2.60E+01
1077	177	clone_D	2.54E+01
1078	178	clone_D	2.47E+01
1079	179	clone_D	2.41E+01
1080	180	clone_D	2.34E+01
1081	181	clone_D	2.27E+01
1082	182	clone_D	2.20E+01
1083	183	clone_D	2.13E+01
1084	184	clone_D	2.06E+01
1085	185	clone_D	1.99E+01
1086	186	clone_D	1.92E+01
1087	187	clone_D	1.85E+01
1088	188	clone_D	1.78E+01
1089	189	clone_D	1.70E+01
1090	190	clone_D	1.63E+01
1091	191	clone_D	1.56E+01
1092	192	clone_D	1.49E+01
1093	193	clone_D	1.41E+01
1094	194	clone_D	1.34E+01
1095	195	clone_D	1.26E+01
1096	196	clone_D	1.19E+01
1097	197	clone_D	1.12E+01
1098	198	clone_D	1.04E+01
1099	199	clone_D	9.69E+00
1100	200	clone_D	8.96E+00
1101	201	clone_D	8.22E+00
1102	202	clone_D	7.49E+00
1103	203	clone_D	6.76E+00
1104	204	clone_D	6.04E+00
1105	205	clone_D	5.32E+00
1106	206	clone_D	4.60E+00
1107	207	clone_D	3.89E+00
1108	208	clone_D	3.19E+00
1109	209	clone_D	2.49E+00
1110	210	clone_D	1.80E+00
1111	211	clone_D	1.11E+00
1112	212	clone_D	4.32E-01
1113	213	clone_D	0.00E+00
1114	214	clone_D	0.00E+00
1115	215	clone_D	0.00E+00
1116	216	clone_D	0.00E+00
1117	217	clone_D	0.00E+00
1118	218	clone_D	0.00E+00
1119	219	clone_D	0.00E+00
1120	220	clone_D	0.00E+00
1121	221	clone_D	0.00E+00
1122	222	clone_D	0.00E+00
1123	223	clone_D	0.00E+00
1124	224	clone_D	0.00E+00
1125	225	clone_D	0.00E+00
1126	226	clone_D	0.00E+00
1127	227	clone_D	0.00E+00
1128	228	clone_D	0.00E+00
1129	229	clone_D	0.00E+00
1130	230	clone_D	0.00E+00
1131	231	clone_D	0.00E+00
1132	232	clone_D	0.00E+00
1133	233	clone_D	0.00E+00
1134	234	clone_D	0.00E+00
1135	235	clone_D	0.00E+00
1136	236	clone_D	0.00E+00
1137	237	clone_D	0.00E+00
1138	238	clone_D	0.00E+00
1139	239	clone_D	0.00E+00
1140	240	clone_D	0.00E+00
1141	241	clone_D	0.00E+00
1142	242	clone_D	0.00E+00
1143	243	clone_D	0.00E+00
1144	244	clone_D	0.00E+00
1145	245	clone_D	0.00E+00
1146	246	clone_D	0.00E+00
1147	247	clone_D	0.00E+00
1148	248	clone_D	0.00E+00
1149	249	clone_D	0.00E+00
1150	250	clone_D	0.00E+00
1151	251	clone_D	0.00E+00
1152	252	clone_D	0.00E+00
1153	253	clone_D	0.00E+00
1154	254	clone_D	0.00E+00
1155	255	clone_D	0.00E+00
1156	256	clone_D	0.00E+00
1157	257	clone_D	0.00E+00
1158	258	clone_D	0.00E+00
1159	259	clone_D	0.00E+00
1160	260	clone_D	0.00E+00
1161	261	clone_D	0.00E+00
1162	262	clone_D	0.00E+00
1163	263	clone_D	0.00E+00
1164	264	clone_D	0.00E+00
1165	265	clone_D	0.00E+00
1166	266	clone_D	0.00E+00
1167	267	clone_D	0.00E+00
1168	268	clone_D	0.00E+00
1169	269	clone_D	0.00E+00
1170	270	clone_D	0.00E+00
1171	271	clone_D	0.00E+00
1172	272	clone_D	0.00E+00
1173	273	clone_D	0.00E+00
1174	274	clone_D	0.00E+00
1175	275	clone_D	0.00E+00
1176	276	clone_D	0.00E+00
1177	277	clone_D	0.00E+00
1178	278	clone_D	0.00E+00
1179	279	clone_D	0.00E+00
1180	280	clone_D	0.00E+00
1181	281	clone_D	0.00E+00
1182	282	clone_D	0.00E+00
1183	283	clone_D	0.00E+00
1184	284	clone_D	0.00E+00
1185	285	clone_D	0.00E+00
1186	286	clone_D	0.00E+00
1187	287	clone_D	0.00E+00
1188	288	clone_D	0.00E+00
1189	289	clone_D	0.00E+00
1190	290	clone_D	0.00E+00
1191	291	clone_D	0.00E+00
1192	292	clone_D	0.00E+00
1193	293	clone_D	0.00E+00
1194	294	clone_D	0.00E+00
1195	295	clone_D	0.00E+00
1196	296	clone_D	0.00E+00
1197	297	clone_D	0.00E+00
1198	298	clone_D	0.00E+00
1199	299	clone_D	0.00E+00
1200	300	clone_D	0.00E+00
1201	1	clone_E	0.00E+00
1202	2	clone_E	0.00E+00
1203	3	clone_E	0.00E+00
1204	4	clone_E	0.00E+00
1205	5	clone_E	0.00E+00
1206	6	clone_E	0.00E+00
1207	7	clone_E	0.00E+00
1208	8	clone_E	0.00E+00
1209	9	clone_E	0.00E+00
1210	10	clone_E	0.00E+00
1211	11	clone_E	0.00E+00
1212	12	clone_E	0.00E+00
1213	13	clone_E	0.00E+00
1214	14	clone_E	0.00E+00
1215	15	clone_E	0.00E+00
1216	16	clone_E	0.00E+00
1217	17	clone_E	0.00E+00
1218	18	clone_E	0.00E+00
1219	19	clone_E	0.00E+00
1220	20	clone_E	0.00E+00
1221	21	clone_E	0.00E+00
1222	22	clone_E	0.00E+00
1223	23	clone_E	0.00E+00
1224	24	clone_E	0.00E+00
1225	25	clone_E	0.00E+00
1226	26	clone_E	0.00E+00
1227	27	clone_E	0.00E+00
1228	28	clone_E	0.00E+00
1229	29	clone_E	0.00E+00
1230	30	clone_E	0.00E+00
1231	31	clone_E	0.00E+00
1232	32	clone_E	5.73E-02
1233	33	clone_E	1.16E-01
1234	34	clone_E	1.77E-01
1235	35	clone_E	2.40E-01
1236	36	clone_E	3.04E-01
1237	37	clone_E	3.69E-01
1238	38	clone_E	4.35E-01
1239	39	clone_E	5.01E-01
1240	40	clone_E	5.69E-01
1241	41	clone_E	6.37E-01
1242	42	clone_E	7.06E-01
1243	43	clone_E	7.74E-01
1244	44	clone_E	8.43E-01
1245	45	clone_E	9.11E-01
1246	46	clone_E	9.80E-01
1247	47	clone_E	1.05E+00
1248	48	clone_E	1.11E+00
1249	49	clone_E	1.18E+00
1250	50	clone_E	1.25E+00
1251	51	clone_E	1.31E+00
1252	52	clone_E	1.37E+00
1253	53	clone_E	1.43E+00
1254	54	clone_E	1.49E+00
1255	55	clone_E	1.55E+00
1256	56	clone_E	1.61E+00
1257	57	clone_E	1.66E+00
1258	58	clone_E	1.71E+00
1259	59	clone_E	1.76E+00
1260	60	clone_E	1.80E+00
1261	61	clone_E	1.85E+00
1262	62	clone_E	1.89E+00
1263	63	clone_E	1.92E+00
1264	64	clone_E	1.96E+00
1265	65	clone_E	1.99E+00
1266	66	clone_E	2.01E+00
1267	67	clone_E	2.03E+00
1268	68	clone_E	2.05E+00
1269	69	clone_E	2.07E+00
1270	70	clone_E	2.08E+00
1271	71	clone_E	2.08E+00
1272	72	clone_E	2.08E+00
1273	73	clone_E	2.08E+00
1274	74	clone_E	2.07E+00
1275	75	clone_E	2.05E+00
1276	76	clone_E	2.04E+00
1277	77	clone_E	2.02E+00
1278	78	clone_E	1.99E+00
1279	79	clone_E	1.97E+00
1280	80	clone_E	1.94E+00
1281	81	clone_E	1.91E+00
1282	82	clone_E	1.88E+00
1283	83	clone_E	1.84E+00
1284	84	clone_E	1.80E+00
1285	85	clone_E	1.76E+00
1286	86	clone_E	1.72E+00
1287	87	clone_E	1.68E+00
1288	88	clone_E	1.64E+00
1289	89	clone_E	1.60E+00
1290	90	clone_E	1.56E+00
1291	91	clone_E	1.52E+00
1292	92	clone_E	1.48E+00
1293	93	clone_E	1.43E+00
1294	94	clone_E	1.39E+00
1295	95	clone_E	1.36E+00
1296	96	clone_E	1.32E+00
1297	97	clone_E	1.28E+00
1298	98	clone_E	1.25E+00
1299	99	clone_E	1.22E+00
1300	100	clone_E	1.19E+00
1301	101	clone_E	1.16E+00
1302	102	clone_E	1.14E+00
1303	103	clone_E	1.11E+00
1304	104	clone_E	1.10E+00
1305	105	clone_E	1.08E+00
1306	106	clone_E	1.07E+00
1307	107	clone_E	1.07E+00
1308	108	clone_E	1.06E+00
1309	109	clone_E	1.07E+00
1310	110	clone_E	1.08E+00
1311	111	clone_E	1.09E+00
1312	112	clone_E	1.11E+00
1313	113	clone_E	1.13E+00
1314	114	clone_E	1.16E+00
1315	115	clone_E	1.20E+00
1316	116	clone_E	1.24E+00
1317	117	clone_E	1.29E+00
1318	118	clone_E	1.35E+00
1319	119	clone_E	1.41E+00
1320	120	clone_E	1.48E+00
1321	121	clone_E	1.56E+00
1322	122	clone_E	1.65E+00
1323	123	clone_E	1.74E+00
1324	124	clone_E	1.85E+00
1325	125	clone_E	1.96E+00
1326	126	clone_E	2.08E+00
1327	127	clone_E	2.21E+00
1328	128	clone_E	2.35E+00
1329	129	clone_E	2.50E+00
1330	130	clone_E	2.66E+00
1331	131	clone_E	2.83E+00
1332	132	clone_E	3.01E+00
1333	133	clone_E	3.20E+00
1334	134	clone_E	3.40E+00
1335	135	clone_E	3.62E+00
1336	136	clone_E	3.84E+00
1337	137	clone_E	4.08E+00
1338	138	clone_E	4.33E+00
1339	139	clone_E	4.59E+00
1340	140	clone_E	4.86E+00
1341	141	clone_E	5.15E+00
1342	142	clone_E	5.45E+00
1343	143	clone_E	5.76E+00
1344	144	clone_E	6.09E+00
1345	145	clone_E	6.42E+00
1346	146	clone_E	6.77E+00
1347	147	clone_E	7.13E+00
1348	148	clone_E	7.51E+00
1349	149	clone_E	7.89E+00
1350	150	clone_E	8.28E+00
1351	151	clone_E	8.69E+00
1352	152	clone_E	9.11E+00
1353	153	clone_E	9.53E+00
1354	154	clone_E	9.97E+00
1355	155	clone_E	1.04E+01
1356	156	clone_E	1.09E+01
1357	157	clone_E	1.13E+01
1358	158	clone_E	1.18E+01
1359	159	clone_E	1.23E+01
1360	160	clone_E	1.28E+01
1361	161	clone_E	1.33E+01
1362	162	clone_E	1.38E+01
1363	163	clone_E	1.43E+01
1364	164	clone_E	1.48E+01
1365	165	clone_E	1.54E+01
1366	166	clone_E	1.59E+01
1367	167	clone_E	1.64E+01
1368	168	clone_E	1.70E+01
1369	169	clone_E	1.75E+01
1370	170	clone_E	1.81E+01
1371	171	clone_E	1.87E+01
1372	172	clone_E	1.92E+01
1373	173	clone_E	1.98E+01
1374	174	clone_E	2.04E+01
1375	175	clone_E	2.10E+01
1376	176	clone_E	2.16E+01
1377	177	clone_E	2.22E+01
1378	178	clone_E	2.28E+01
1379	179	clone_E	2.34E+01
1380	180	clone_E	2.40E+01
1381	181	clone_E	2.46E+01
1382	182	clone_E	2.52E+01
1383	183	clone_E	2.58E+01
1384	184	clone_E	2.64E+01
1385	185	clone_E	2.71E+01
1386	186	clone_E	2.77E+01
1387	187	clone_E	2.83E+01
1388	188	clone_E	2.89E+01
1389	189	clone_E	2.95E+01
1390	190	clone_E	3.02E+01
1391	191	clone_E	3.08E+01
1392	192	clone_E	3.14E+01
1393	193	clone_E	3.21E+01
1394	194	clone_E	3.27E+01
1395	195	clone_E	3.33E+01
1396	196	clone_E	3.39E+01
1397	197	clone_E	3.46E+01
1398	198	clone_E	3.52E+01
1399	199	clone_E	3.58E+01
1400	200	clone_E	3.64E+01
1401	201	clone_E	3.70E+01
1402	202	clone_E	3.77E+01
1403	203	clone_E	3.83E+01
1404	204	clone_E	3.89E+01
1405	205	clone_E	3.95E+01
1406	206	clone_E	4.01E+01
1407	207	clone_E	4.07E+01
1408	208	clone_E	4.13E+01
1409	209	clone_E	4.19E+01
1410	210	clone_E	4.25E+01
1411	211	clone_E	4.31E+01
1412	212	clone_E	4.36E+01
1413	213	clone_E	4.42E+01
1414	214	clone_E	4.48E+01
1415	215	clone_E	4.53E+01
1416	216	clone_E	4.59E+01
1417	217	clone_E	4.65E+01
1418	218	clone_E	4.70E+01
1419	219	clone_E	4.75E+01
1420	220	clone_E	4.81E+01
1421	221	clone_E	4.86E+01
1422	222	clone_E	4.91E+01
1423	223	clone_E	4.96E+01
1424	224	clone_E	5.01E+01
1425	225	clone_E	5.06E+01
1426	226	clone_E	5.11E+01
1427	227	clone_E	5.16E+01
1428	228	clone_E	5.21E+01
1429	229	clone_E	5.25E+01
1430	230	clone_E	5.30E+01
1431	231	clone_E	5.34E+01
1432	232	clone_E	5.38E+01
1433	233	clone_E	5.43E+01
1434	234	clone_E	5.47E+01
1435	235	clone_E	5.51E+01
1436	236	clone_E	5.55E+01
1437	237	clone_E	5.58E+01
1438	238	clone_E	5.62E+01
1439	239	clone_E	5.65E+01
1440	240	clone_E	5.69E+01
1441	241	clone_E	5.72E+01
1442	242	clone_E	5.75E+01
1443	243	clone_E	5.78E+01
1444	244	clone_E	5.81E+01
1445	245	clone_E	5.84E+01
1446	246	clone_E	5.87E+01
1447	247	clone_E	5.89E+01
1448	248	clone_E	5.92E+01
1449	249	clone_E	5.94E+01
1450	250	clone_E	5.96E+01
1451	251	clone_E	5.98E+01
1452	252	clone_E	6.00E+01
1453	253	clone_E	6.01E+01
1454	254	clone_E	6.03E+01
1455	255	clone_E	6.04E+01
1456	256	clone_E	6.05E+01
1457	257	clone_E	6.06E+01
1458	258	clone_E	6.07E+01
1459	259	clone_E	6.08E+01
1460	260	clone_E	6.08E+01
1461	261	clone_E	6.09E+01
1462	262	clone_E	6.09E+01
1463	263	clone_E	6.09E+01
1464	264	clone_E	6.09E+01
1465	265	clone_E	6.08E+01
1466	266	clone_E	6.08E+01
1467	267	clone_E	6.07E+01
1468	268	clone_E	6.06E+01
1469	269	clone_E	6.05E+01
1470	270	clone_E	6.03E+01
1471	271	clone_E	6.02E+01
1472	272	clone_E	6.00E+01
1473	273	clone_E	5.98E+01
1474	274	clone_E	5.96E+01
1475	275	clone_E	5.94E+01
1476	276	clone_E	5.91E+01
1477	277	clone_E	5.88E+01
1478	278	clone_E	5.85E+01
1479	279	clone_E	5.82E+01
1480	280	clone_E	5.79E+01
1481	281	clone_E	5.79E+01
1482	282	clone_E	5.79E+01
1483	283	clone_E	5.79E+01
1484	284	clone_E	5.79E+01
1485	285	clone_E	5.79E+01
1486	286	clone_E	5.79E+01
1487	287	clone_E	5.79E+01
1488	288	clone_E	5.79E+01
1489	289	clone_E	5.79E+01
1490	290	clone_E	5.79E+01
1491	291	clone_E	5.79E+01
1492	292	clone_E	5.79E+01
1493	293	clone_E	5.79E+01
1494	294	clone_E	5.79E+01
1495	295	clone_E	5.79E+01
1496	296	clone_E	5.79E+01
1497	297	clone_E	5.79E+01
1498	298	clone_E	5.79E+01
1499	299	clone_E	5.79E+01
1500	300	clone_E	5.79E+01
